26173968
32387008
30115852
30612247
23647500
28361255
25870938
32655987
28561066
32811771
30220557
28554332
30553463
29075622
29171013
31293896
23757263
29981852
31536831
31487502
30713886
28821231
24142851
26715604
29112993
28932395
27159028
25533962
28878728
30440138
31737037
28628100
24896178
31737037
23447832
28211668
23176820
24209435
25356899
28643035
23687123
29325618
26795593
29082105
33092153
26790960
30204590
31505688
23674487
24790802
28261264
25363768
29695595
25363768
30842224
31238825
31632858
33251766
23390121
26096995
27521716
31466010
22892189
32335071
20301334
28191890
31791873
29600274
26208877
29983692
33109474
24847269
25849321
31665836
29860786
30539914
26240209
31139143
32963168
28135719
24781210
31525124
28551038
27349085
27349079
27030146
25744623
24621584
25263061
31721365
25044655
26123052
29682453
24610255
28371320
26633542
30455156
30746416
30746416
26022463
23435086
27171548
30341275
32307390
25817843
30169597
32264724
32079455
27681470
25131622
29322350
30843302
29720203
29445477
26481852
28711740
26725113
33037762
28542792
30369941
27535217
25592411
24384561
29286531
30713893
25301227
24368176
31204559
31404774
31512412
29681108
27957548
10.4172/1747-0862.1000381
31332960
26609730
27435640
26859818
26577041
26000824
28820312
31618753
27652284
32253874
32253879
